60

0.526980 1.420670 0.725900 1.349570 0.815020 1.549240 0.477460 0.266180 0.440680 0.307470 0.120000 0.382980 0.367630 0.903980 0.891320 1.527760 0.251060 0.378010 0.318310 0.161820 0.207030 0.326090 0.197930 0.174380 0.309670 0.301720 0.393360 0.330800 0.341740 0.336320 0.256420 0.156830 0.210870 0.327450 0.135780 0.189880 0.296220 0.521650 0.601830 0.682640 0.157910 2.027160 0.240750 0.278670 0.235830 0.205310 0.272550 0.326020 0.211550 0.300430 0.401470 0.472830 0.152570 0.207590 0.335860 0.228010 0.131870 0.259090 0.189390 0.187680
0.871360 2.526450 1.239120 2.403180 1.436730 2.796440 0.796510 0.405410 0.741550 0.483790 0.122760 0.635060 0.570020 1.584780 1.554460 2.694630 0.384810 0.633590 0.519550 0.218830 0.302260 0.527100 0.284730 0.240440 0.460000 0.455370 0.626830 0.508890 0.564790 0.546500 0.386890 0.197880 0.323940 0.508830 0.161820 0.276240 0.443930 0.861010 1.028710 1.147920 0.228810 3.628720 0.341820 0.381640 0.291520 0.317840 0.398330 0.534420 0.277670 0.451000 0.642220 0.777680 0.207500 0.302180 0.530130 0.355060 0.173380 0.392630 0.286560 0.279950
0.536990 1.427960 0.735790 1.361310 0.824260 1.555540 0.481940 0.270510 0.448830 0.312880 0.120000 0.391200 0.374090 0.918900 0.903850 1.533460 0.259400 0.386300 0.325200 0.173540 0.214860 0.334030 0.205990 0.184840 0.314620 0.312110 0.403420 0.341150 0.349940 0.345910 0.260500 0.161080 0.225640 0.341390 0.142160 0.198800 0.307110 0.544030 0.622220 0.701190 0.174310 2.009520 0.256520 0.294640 0.247760 0.221190 0.285070 0.338890 0.222280 0.312270 0.412600 0.482550 0.165230 0.214670 0.352500 0.241010 0.145540 0.278360 0.206300 0.203920
3.733710 11.731690 5.489510 11.126000 6.655980 13.113240 3.462230 1.582500 3.287310 1.997410 0.176880 2.761850 2.319050 7.255790 7.117770 12.494970 1.590790 2.875360 2.270810 0.790040 1.193300 2.261080 1.138060 0.917530 1.794940 1.822260 2.695230 2.136060 2.548690 2.375200 1.584650 0.637130 1.375590 2.116660 0.409130 1.081610 1.727140 3.792110 4.707710 5.106060 0.866590 16.906981 1.325400 1.387160 0.835340 1.326110 1.608720 2.301930 0.916480 1.859310 2.769390 3.411100 0.750750 1.197880 2.287790 1.528450 0.511920 1.604080 1.184070 1.160430
0.732940 2.139340 1.044240 2.035000 1.215390 2.371750 0.668050 0.337000 0.626940 0.403350 0.090000 0.536790 0.477860 1.342250 1.316550 2.283260 0.324850 0.540940 0.434550 0.181470 0.254110 0.445390 0.239480 0.201650 0.384740 0.375840 0.531370 0.430830 0.482700 0.461810 0.321310 0.161330 0.272410 0.425450 0.127490 0.226530 0.363120 0.721030 0.874900 0.968900 0.180710 3.063840 0.286160 0.312810 0.231130 0.263500 0.337210 0.445290 0.227100 0.382030 0.544390 0.659030 0.166610 0.255010 0.444170 0.299950 0.131410 0.321680 0.237900 0.233660
0.987040 2.982220 1.429000 2.834090 1.684610 3.324780 0.909100 0.439070 0.849130 0.533270 0.092740 0.721140 0.624890 1.850500 1.814070 3.172350 0.420230 0.725400 0.580830 0.216650 0.319780 0.591370 0.299020 0.245310 0.492670 0.484970 0.699230 0.556500 0.642740 0.614710 0.416820 0.189660 0.344170 0.549590 0.141620 0.282280 0.465110 0.959250 1.185370 1.306230 0.221210 4.305110 0.351120 0.377750 0.263660 0.331840 0.423570 0.592210 0.268850 0.487220 0.717720 0.880510 0.197850 0.321050 0.580460 0.383360 0.149190 0.406150 0.296190 0.291260
0.348770 0.885470 0.467370 0.843310 0.514000 0.957900 1.620180 0.767610 1.555810 0.938480 0.116460 1.323670 0.451610 0.578510 0.623520 0.963230 0.777860 1.375880 1.095310 0.408610 0.595670 1.036690 0.476950 0.387440 0.369310 0.368090 0.506560 0.739660 1.225880 1.138470 0.731600 0.329740 0.628480 0.854940 0.200340 0.456560 0.352540 0.693010 0.817820 0.964810 0.375480 3.303230 0.563430 0.608990 0.390760 0.548770 0.670270 0.909210 0.229990 0.374610 0.518070 0.619380 0.207940 0.309490 0.632050 0.375390 0.205240 0.669650 0.495200 0.486290
0.299930 0.760370 0.404780 0.725230 0.442530 0.818750 1.438710 0.677910 1.366580 0.828980 0.103230 1.158740 0.390850 0.491890 0.531680 0.815480 0.675810 1.193360 0.945320 0.349360 0.514740 0.904650 0.403590 0.330640 0.318080 0.310890 0.428260 0.634360 1.060750 0.989060 0.642210 0.281930 0.532570 0.736270 0.176390 0.383920 0.301200 0.578610 0.692290 0.825710 0.308900 2.920330 0.478540 0.513100 0.335120 0.462110 0.573000 0.785380 0.194920 0.311600 0.438440 0.528010 0.170440 0.261730 0.530850 0.308810 0.169550 0.561270 0.414740 0.406870
0.369070 0.974110 0.502880 0.926190 0.561100 1.057430 1.842990 0.861540 1.760400 1.058250 0.119030 1.493170 0.484750 0.624220 0.676390 1.051150 0.864850 1.544790 1.227840 0.439780 0.655120 1.162810 0.518330 0.415420 0.390050 0.392170 0.542760 0.807860 1.372120 1.280040 0.820450 0.357730 0.684850 0.942780 0.208830 0.495930 0.377890 0.749590 0.899490 1.057540 0.401580 3.748310 0.605210 0.652320 0.413320 0.595760 0.727970 1.018240 0.239170 0.395570 0.556710 0.669400 0.218360 0.326420 0.685320 0.398390 0.214770 0.725990 0.533460 0.524110
0.206270 0.428420 0.256930 0.411440 0.259670 0.441130 0.737980 0.373750 0.704750 0.446750 0.095570 0.605570 0.250200 0.298680 0.317910 0.470210 0.372390 0.622150 0.502290 0.214650 0.294560 0.482970 0.239430 0.205610 0.215040 0.210220 0.267950 0.367540 0.558070 0.523100 0.356500 0.180480 0.302850 0.416790 0.131410 0.229410 0.206890 0.353570 0.395200 0.475180 0.194760 1.445070 0.292240 0.323160 0.238320 0.268790 0.337880 0.423450 0.155530 0.211580 0.272860 0.316140 0.128200 0.172300 0.315830 0.194730 0.127770 0.331890 0.245910 0.242110
0.135980 0.204610 0.153150 0.198870 0.134240 0.189080 0.308280 0.179490 0.286730 0.204210 0.090000 0.251390 0.150860 0.160670 0.167180 0.234520 0.172410 0.250390 0.212680 0.118990 0.146050 0.209870 0.127380 0.115920 0.138960 0.137320 0.150250 0.183990 0.228680 0.223450 0.173650 0.114030 0.142250 0.200670 0.097410 0.123470 0.140210 0.195880 0.189060 0.233670 0.107130 0.564360 0.158490 0.187470 0.166680 0.130700 0.173950 0.189710 0.121450 0.131760 0.151930 0.166580 0.091630 0.104640 0.165660 0.107260 0.093130 0.167160 0.122960 0.121670
0.405130 1.095430 0.560150 1.043460 0.630320 1.196110 2.098480 0.970060 2.001360 1.196220 0.117650 1.694080 0.539560 0.698500 0.757330 1.172110 0.975200 1.749910 1.383200 0.492580 0.737070 1.315750 0.577210 0.464910 0.431990 0.425820 0.604450 0.909130 1.553880 1.446480 0.919930 0.389400 0.773020 1.059790 0.227290 0.548320 0.408440 0.826360 1.004340 1.187250 0.442340 4.289090 0.678780 0.722200 0.447340 0.668840 0.818440 1.143720 0.249900 0.431970 0.619500 0.751920 0.228890 0.363020 0.761520 0.442220 0.226750 0.810670 0.598830 0.587190
0.285750 0.627890 0.364790 0.601410 0.375860 0.654510 0.472850 0.266450 0.439670 0.307820 0.120000 0.383480 1.097890 0.425530 0.659220 0.681890 0.251350 0.378540 0.318710 0.161950 0.207240 0.412740 0.350900 0.296840 0.869010 0.873430 1.258540 0.682680 0.342220 0.336750 0.256670 0.156930 0.304560 0.622510 0.182200 0.335100 0.830160 1.749260 2.132020 2.277980 0.275480 6.585840 0.423380 0.458580 0.333190 0.393850 0.496350 0.645420 0.481550 0.891540 1.290550 1.572330 0.327060 0.492290 0.841770 0.602930 0.218510 0.482760 0.357270 0.351190
0.916730 2.670940 1.306120 2.540430 1.517720 2.959180 0.838060 0.423960 0.781660 0.506950 0.120000 0.668890 0.597680 1.673880 1.641760 2.848450 0.403790 0.669100 0.540090 0.224950 0.315300 0.554550 0.297000 0.249690 0.481190 0.470200 0.659580 0.533850 0.596240 0.575120 0.404360 0.204230 0.335930 0.530240 0.163330 0.283380 0.457150 0.897760 1.084620 1.206920 0.228250 3.830000 0.354270 0.391110 0.295350 0.327120 0.416770 0.557740 0.285400 0.472820 0.675890 0.819290 0.208710 0.316430 0.551430 0.370280 0.169660 0.401040 0.294570 0.288880
0.671160 1.922620 0.953010 1.828160 1.095140 2.120210 0.713490 0.362810 0.651480 0.433090 0.120000 0.555940 0.805320 1.200910 1.279040 2.043880 0.334990 0.541190 0.446340 0.188840 0.260700 0.496220 0.309270 0.259510 0.635530 0.631210 0.901670 0.583440 0.480350 0.479110 0.346200 0.179480 0.308280 0.560500 0.166600 0.294460 0.609330 1.246560 1.531030 1.666550 0.237490 5.171450 0.368470 0.404630 0.302860 0.342050 0.434700 0.600810 0.357440 0.633660 0.926280 1.132020 0.247670 0.379310 0.660760 0.452730 0.183520 0.419490 0.307220 0.301770
3.500590 10.879290 5.121810 10.335910 6.119380 12.195930 3.214670 1.490540 3.057320 1.836070 0.185220 2.587820 2.172170 6.728010 6.600530 11.578440 1.486760 2.662690 2.102500 0.746730 1.120610 2.112730 1.065100 0.850640 1.688620 1.702100 2.510600 1.991510 2.362300 2.210620 1.415970 0.601200 1.277860 1.964130 0.405930 1.008520 1.615980 3.514990 4.359780 4.741670 0.805810 15.671770 1.244220 1.305770 0.810640 1.231940 1.506960 2.137980 0.877170 1.737640 2.577590 3.171130 0.701280 1.125240 2.121530 1.419600 0.489070 1.490010 1.100210 1.078320
0.425760 1.194800 0.600140 1.136350 0.682840 1.311790 1.291600 0.609840 1.218110 0.746480 0.094940 1.032480 0.419530 0.748280 0.771310 1.269820 0.596020 1.052210 0.832140 0.300740 0.450340 0.809020 0.357770 0.292340 0.335360 0.323810 0.455920 0.585050 0.932270 0.878090 0.577550 0.248070 0.461060 0.662170 0.159450 0.336470 0.315830 0.612960 0.754420 0.883530 0.262280 3.139720 0.421240 0.448790 0.299540 0.403930 0.509550 0.713780 0.192920 0.320990 0.467690 0.571300 0.158020 0.255080 0.502820 0.296420 0.146780 0.489220 0.359670 0.352290
0.457230 1.295030 0.646610 1.231540 0.739000 1.424680 2.519480 1.158020 2.402660 1.430880 0.119010 2.031960 0.621460 0.810080 0.881970 1.376500 1.160350 2.101290 1.653260 0.570700 0.869430 1.573680 0.673040 0.536920 0.490040 0.481480 0.695180 1.067430 1.861750 1.730950 1.097470 0.449070 0.907770 1.251490 0.252160 0.636430 0.461480 0.952600 1.178170 1.394990 0.503770 5.162530 0.785980 0.828600 0.501560 0.780480 0.956600 1.362370 0.267580 0.484460 0.713550 0.875350 0.248880 0.412430 0.884190 0.503620 0.245940 0.941570 0.694950 0.680730
0.414990 1.160530 0.584240 1.103800 0.663610 1.273200 2.257990 1.041280 2.150390 1.285120 0.116950 1.819100 0.561760 0.727140 0.791360 1.233450 1.040170 1.877880 1.478110 0.513210 0.780170 1.409560 0.606600 0.483010 0.444300 0.438530 0.624450 0.957120 1.663820 1.551680 0.988220 0.410650 0.811240 1.121620 0.231730 0.574750 0.422440 0.858090 1.052910 1.249870 0.450210 4.620030 0.705620 0.748610 0.459270 0.697500 0.858090 1.222860 0.245810 0.436140 0.640870 0.785460 0.226260 0.371770 0.795770 0.450060 0.224610 0.841430 0.621060 0.608360
0.223630 0.517420 0.292110 0.494460 0.306360 0.545140 0.959340 0.467040 0.907950 0.565710 0.093500 0.773900 0.283020 0.342050 0.368060 0.556880 0.458730 0.789800 0.627810 0.245500 0.353520 0.608190 0.279000 0.233290 0.235490 0.228970 0.300500 0.435120 0.703200 0.662420 0.443720 0.205810 0.358240 0.501680 0.139480 0.263370 0.225890 0.399740 0.466000 0.563550 0.212160 1.915060 0.333340 0.361360 0.256400 0.312220 0.395030 0.527720 0.155050 0.224320 0.307150 0.365670 0.128660 0.188280 0.362710 0.212100 0.128870 0.380450 0.281280 0.276130
0.155230 0.296480 0.189450 0.284180 0.182280 0.295820 0.528940 0.274890 0.492730 0.325800 0.090000 0.423550 0.184750 0.205630 0.219490 0.327570 0.260920 0.422090 0.343820 0.150880 0.206620 0.338040 0.168160 0.144580 0.160240 0.159150 0.185780 0.253570 0.377380 0.366030 0.262860 0.140080 0.199350 0.288420 0.105850 0.160080 0.162220 0.247120 0.267830 0.324900 0.129870 1.023710 0.201040 0.228950 0.187040 0.175730 0.232890 0.297300 0.125960 0.150100 0.190160 0.217730 0.097200 0.121350 0.216300 0.128270 0.098130 0.220150 0.160480 0.158960
0.332370 0.863710 0.452700 0.823370 0.500450 0.935140 1.479070 0.699070 1.409320 0.855390 0.109480 1.196940 0.477140 0.555610 0.612350 0.925460 0.697600 1.233850 0.981950 0.359780 0.530920 1.034720 0.598300 0.482670 0.384180 0.377650 0.530490 0.751970 1.096620 1.024760 0.663750 0.293110 0.658770 1.102610 0.234020 0.570510 0.362590 0.722430 0.873350 1.059900 0.459990 4.855360 0.705270 0.742070 0.459500 0.696180 0.850900 1.187470 0.226820 0.381450 0.543500 0.657930 0.253910 0.408480 0.842000 0.502080 0.240270 0.843670 0.623180 0.611030
0.179240 0.403870 0.232500 0.383320 0.238490 0.419000 0.433030 0.226530 0.389860 0.267910 0.090000 0.333620 0.317320 0.260940 0.305760 0.437920 0.202850 0.318670 0.268820 0.117390 0.159620 0.493020 0.534430 0.431420 0.257080 0.248820 0.334850 0.410040 0.282350 0.286900 0.216750 0.116950 0.385640 0.997320 0.212170 0.505380 0.248000 0.451280 0.544020 0.711270 0.398940 4.993240 0.628670 0.649810 0.411530 0.618080 0.763780 1.080120 0.158500 0.239790 0.343480 0.417410 0.243860 0.406000 0.813070 0.495110 0.214560 0.745630 0.550340 0.539070
0.128760 0.196280 0.144220 0.185120 0.123870 0.181740 0.201500 0.128700 0.178810 0.143300 0.090000 0.158930 0.170690 0.147210 0.159710 0.231510 0.115310 0.142360 0.134180 0.090440 0.101340 0.213220 0.226790 0.191500 0.149860 0.150450 0.171290 0.194740 0.132760 0.144610 0.125260 0.094020 0.167540 0.400990 0.123640 0.214720 0.153870 0.228300 0.240830 0.312420 0.172710 1.809090 0.271040 0.297900 0.223020 0.247880 0.318680 0.418830 0.124260 0.141790 0.174590 0.196720 0.126080 0.182540 0.331110 0.204890 0.117650 0.305280 0.224000 0.220030
0.192750 0.331700 0.227440 0.320070 0.209850 0.320950 0.263650 0.173050 0.237870 0.191210 0.120000 0.213200 0.549230 0.242870 0.345450 0.371470 0.156420 0.199800 0.184760 0.121010 0.137980 0.226040 0.198900 0.175170 0.448750 0.439470 0.608510 0.355750 0.183860 0.192680 0.168770 0.124990 0.167330 0.329330 0.136080 0.190780 0.425440 0.823910 0.980700 1.067200 0.157240 2.964450 0.241930 0.279820 0.236010 0.206530 0.273960 0.328060 0.278690 0.447430 0.622560 0.746250 0.182920 0.260960 0.415220 0.298310 0.140780 0.259890 0.190470 0.187790
0.244190 0.508560 0.304450 0.482120 0.303470 0.522300 0.400260 0.226420 0.360640 0.260340 0.120000 0.313390 0.920000 0.343990 0.529030 0.564950 0.208390 0.298650 0.258860 0.141410 0.175330 0.332730 0.284890 0.242460 0.723360 0.719650 1.035880 0.559760 0.271450 0.276510 0.218420 0.142650 0.243230 0.505640 0.161590 0.271870 0.690790 1.435770 1.769270 1.905830 0.221460 5.651270 0.342280 0.379270 0.289760 0.313570 0.399270 0.538430 0.396400 0.723560 1.064420 1.304670 0.260500 0.397930 0.678680 0.478010 0.183780 0.385460 0.283210 0.278170
0.524340 1.429140 0.726640 1.356580 0.817420 1.562800 1.096090 0.533620 1.020200 0.646340 0.128020 0.867050 2.603240 0.903300 1.501490 1.534550 0.509000 0.868070 0.704840 0.270880 0.389680 0.931510 0.771860 0.615060 2.017320 2.049840 3.035660 1.576670 0.769110 0.740460 0.506980 0.236590 0.659100 1.415470 0.300430 0.734450 1.941340 4.274060 5.299720 5.612310 0.582340 16.810369 0.897800 0.931640 0.598680 0.885820 1.084880 1.546540 1.025530 2.096220 3.117580 3.838880 0.716770 1.115400 1.990030 1.419840 0.414570 1.073540 0.790980 0.775390
0.249490 0.560550 0.322450 0.530140 0.329280 0.584500 0.725920 0.368350 0.667490 0.440020 0.120000 0.570080 0.600600 0.364230 0.467000 0.608190 0.344100 0.558150 0.457950 0.195890 0.270980 0.564300 0.419390 0.345590 0.478730 0.467190 0.656730 0.548220 0.497940 0.490630 0.351430 0.184400 0.379010 0.772140 0.198270 0.398560 0.451890 0.892000 1.092400 1.254880 0.313820 4.938830 0.496180 0.530770 0.368110 0.473890 0.595030 0.831840 0.272450 0.461360 0.673790 0.823790 0.236740 0.380880 0.709770 0.451500 0.199230 0.574910 0.422600 0.413500
0.539550 1.557130 0.768170 1.480510 0.885890 1.719860 3.029050 1.385520 2.894240 1.714900 0.130270 2.446740 0.737800 0.971700 1.058480 1.655480 1.394560 2.536650 1.995800 0.682740 1.043340 1.893520 0.804960 0.641950 0.579130 0.567390 0.832990 1.282370 2.247490 2.081270 1.309880 0.526910 1.095850 1.504600 0.291990 0.764450 0.542790 1.143250 1.422280 1.677800 0.608140 6.219700 0.942630 0.991920 0.584500 0.942210 1.148590 1.637590 0.310590 0.578610 0.855180 1.050510 0.292600 0.491660 1.064150 0.607990 0.290680 1.136660 0.838940 0.821770
0.228260 0.561690 0.306070 0.534050 0.327410 0.597650 1.091790 0.520630 1.025360 0.635100 0.095330 0.869830 0.295520 0.357890 0.388460 0.604320 0.504170 0.881500 0.701280 0.256810 0.382130 0.677590 0.295680 0.242640 0.240390 0.235560 0.311170 0.465190 0.781000 0.740490 0.493580 0.217560 0.380790 0.543480 0.140600 0.279230 0.237280 0.421910 0.503910 0.603700 0.218790 2.200590 0.347120 0.376140 0.261840 0.328080 0.418700 0.585560 0.157060 0.226800 0.319780 0.384590 0.129880 0.190420 0.383570 0.216840 0.131090 0.401480 0.292870 0.287950
0.165380 0.325610 0.202100 0.310100 0.197570 0.327190 0.611110 0.306030 0.563690 0.367170 0.090000 0.480570 0.196850 0.224210 0.239540 0.366000 0.288220 0.471110 0.385210 0.162530 0.224720 0.380190 0.181820 0.155500 0.169520 0.169400 0.201650 0.275910 0.420600 0.413620 0.291580 0.148170 0.219380 0.317830 0.110280 0.174400 0.169810 0.268280 0.296100 0.359240 0.143240 1.203350 0.217570 0.245550 0.197290 0.195520 0.252850 0.336070 0.132700 0.162520 0.206190 0.235950 0.104270 0.130310 0.235980 0.140140 0.104020 0.243190 0.177100 0.175060
0.157070 0.324440 0.197030 0.305340 0.192460 0.329800 0.623660 0.311640 0.573740 0.374160 0.090000 0.488790 0.189290 0.213430 0.229800 0.358950 0.289030 0.481530 0.390870 0.154900 0.222370 0.383750 0.176780 0.148360 0.163440 0.159990 0.190750 0.271370 0.426640 0.418130 0.296850 0.146060 0.214410 0.314500 0.107290 0.169370 0.166410 0.259670 0.286480 0.351330 0.129700 1.229390 0.208030 0.236840 0.188550 0.187110 0.244130 0.337530 0.124530 0.149280 0.193180 0.226610 0.094910 0.124190 0.225930 0.129810 0.098130 0.231230 0.167060 0.162530
0.213140 0.508520 0.281510 0.481110 0.296170 0.537000 0.714820 0.352330 0.661680 0.424970 0.090000 0.562980 0.341510 0.326190 0.369260 0.549500 0.334120 0.559410 0.451020 0.182360 0.257400 0.616530 0.515680 0.413850 0.275600 0.268460 0.364770 0.476990 0.495640 0.483020 0.335170 0.161950 0.431850 0.954990 0.205520 0.488230 0.266140 0.492610 0.598100 0.757110 0.381470 4.608360 0.602470 0.624000 0.400210 0.591040 0.731670 1.037780 0.170640 0.262420 0.374980 0.453850 0.226630 0.375690 0.760880 0.455200 0.204070 0.713010 0.526240 0.515470
0.281800 0.651600 0.364790 0.613090 0.378410 0.685210 0.683940 0.349620 0.624950 0.416620 0.120000 0.533890 0.496580 0.422120 0.490030 0.715330 0.326290 0.516980 0.428650 0.193590 0.257530 0.789630 0.867910 0.689910 0.399940 0.397070 0.539950 0.656550 0.461630 0.462800 0.333780 0.178910 0.626390 1.606070 0.326380 0.823880 0.389370 0.739370 0.893280 1.145930 0.648480 8.066720 1.009250 1.034890 0.651420 1.000670 1.227970 1.752170 0.251780 0.391660 0.554330 0.667890 0.387430 0.648720 1.322680 0.802450 0.342510 1.210540 0.891000 0.872750
0.120000 0.138270 0.122960 0.131410 0.094440 0.112570 0.123740 0.099520 0.113320 0.104380 0.090000 0.106670 0.130160 0.121840 0.124070 0.173100 0.094450 0.097350 0.098000 0.090000 0.090000 0.124290 0.128800 0.117060 0.123110 0.125400 0.128470 0.134560 0.094660 0.103560 0.098380 0.090000 0.105960 0.203420 0.097840 0.124790 0.127920 0.167010 0.152820 0.191320 0.108050 0.677530 0.160200 0.189150 0.167600 0.132460 0.176040 0.192680 0.120000 0.121600 0.130280 0.135420 0.095070 0.114080 0.179760 0.118050 0.093460 0.169070 0.124510 0.123210
0.201510 0.476800 0.266780 0.453540 0.279920 0.502200 0.507160 0.259630 0.461360 0.309230 0.090000 0.393960 0.368450 0.305480 0.360590 0.511880 0.235860 0.381990 0.316280 0.131890 0.183960 0.585030 0.636880 0.511190 0.296250 0.286350 0.395420 0.485570 0.338480 0.337910 0.247900 0.128270 0.462290 1.189550 0.242430 0.604290 0.283420 0.533480 0.649360 0.846650 0.478220 5.973470 0.747630 0.767000 0.476040 0.740900 0.909610 1.291770 0.176590 0.280130 0.405510 0.494410 0.286370 0.480700 0.973280 0.593520 0.251230 0.893820 0.659700 0.646200
0.275270 0.628200 0.358850 0.600180 0.372850 0.658650 0.486140 0.266000 0.440340 0.309750 0.120000 0.380900 1.145240 0.414220 0.661320 0.681990 0.242650 0.366820 0.312400 0.152140 0.196900 0.411850 0.346450 0.289280 0.895880 0.893850 1.304480 0.688660 0.328420 0.331580 0.255670 0.150200 0.288600 0.622500 0.176920 0.328420 0.855780 1.812240 2.244470 2.399640 0.260720 7.145250 0.411940 0.446870 0.323140 0.383030 0.489110 0.663580 0.482320 0.909010 1.340230 1.643820 0.318310 0.495970 0.850060 0.604120 0.206470 0.469240 0.344320 0.337980
0.573940 1.552280 0.795470 1.474530 0.890550 1.689850 1.159290 0.572900 1.073080 0.690430 0.156930 0.913370 2.878270 0.977030 1.638750 1.663100 0.541390 0.904960 0.741030 0.298790 0.418550 0.995360 0.836330 0.666040 2.227960 2.250860 3.341480 1.714960 0.803510 0.782930 0.545130 0.265320 0.696430 1.536830 0.333990 0.794260 2.136030 4.688290 5.829880 6.182670 0.623880 18.526640 0.969130 1.010960 0.658400 0.951880 1.176100 1.676820 1.127210 2.298810 3.432440 4.232960 0.771240 1.221340 2.168440 1.542530 0.447440 1.155520 0.847320 0.830750
0.859470 2.522320 1.231120 2.397780 1.431250 2.795600 1.833240 0.862720 1.731320 1.057220 0.134270 1.467060 4.678320 1.570740 2.669590 2.683240 0.845760 1.497870 1.186970 0.425420 0.638360 1.604670 1.345820 1.059640 3.602000 3.676890 5.487720 2.797930 1.327130 1.249190 0.816750 0.352350 1.150050 2.499420 0.466550 1.279000 3.474570 7.755290 9.649090 10.187380 1.013320 30.580259 1.560650 1.589810 0.963590 1.569960 1.903840 2.733850 1.780150 3.762070 5.638280 6.963230 1.257390 1.978720 3.582120 2.553070 0.691370 1.893970 1.397880 1.369280
0.882780 2.542880 1.256000 2.417800 1.447160 2.807480 1.889450 0.898880 1.776260 1.097390 0.162070 1.506550 4.605290 1.587250 2.659920 2.707090 0.872390 1.528800 1.216500 0.443370 0.660720 1.680910 1.437960 1.138800 3.550740 3.619490 5.387500 2.809070 1.354520 1.283030 0.851970 0.376550 1.210570 2.674940 0.512770 1.362850 3.423750 7.605320 9.453830 10.021670 1.082070 30.823469 1.673820 1.709470 1.043830 1.676440 2.040280 2.918950 1.766060 3.696750 5.535020 6.833150 1.277860 2.019240 3.668900 2.593270 0.726820 2.022400 1.492700 1.462160
0.263090 0.676790 0.359930 0.644340 0.392510 0.728430 0.708580 0.349540 0.655670 0.421510 0.090000 0.557920 0.507410 0.428850 0.509510 0.718460 0.328080 0.554090 0.445230 0.172580 0.251330 0.835060 0.916760 0.727970 0.402680 0.389290 0.560040 0.690820 0.490950 0.476620 0.332550 0.159040 0.670530 1.711890 0.324600 0.871940 0.378360 0.757960 0.938850 1.214560 0.693660 8.637220 1.070930 1.085490 0.656270 1.074660 1.305830 1.867180 0.225410 0.392120 0.574690 0.703620 0.401870 0.683740 1.410460 0.860890 0.350920 1.296450 0.956900 0.937300
4.871970 15.343440 7.161180 14.571310 8.610340 17.244070 11.688960 5.251710 11.248490 6.541830 0.344140 9.495740 11.493410 9.474500 11.629810 16.340410 5.378250 9.935490 7.825540 2.595780 4.003350 10.695350 9.424290 7.200120 8.817240 9.083340 13.577220 10.823040 8.803370 8.154910 5.034930 2.058150 7.939350 17.435369 2.778230 8.962730 8.581930 19.297371 23.999880 26.787680 7.126030 69.609917 10.723230 10.819790 6.345270 11.039830 13.136440 19.187290 4.294730 9.290220 13.952470 17.244141 8.777720 14.776190 26.915199 19.419069 4.817810 13.318810 9.829960 9.628740
0.382440 0.969510 0.517120 0.924370 0.564130 1.043020 0.993390 0.492680 0.930140 0.592750 0.121550 0.794170 0.722210 0.624680 0.736860 1.037410 0.474530 0.800600 0.643060 0.258270 0.367840 1.179580 1.304920 1.030660 0.576570 0.565800 0.807120 0.988990 0.712750 0.681120 0.469030 0.227730 0.962510 2.417230 0.457970 1.242840 0.544570 1.100980 1.345630 1.727570 0.994660 12.160220 1.517600 1.536460 0.941360 1.525340 1.844300 2.645060 0.330030 0.573610 0.827500 1.006780 0.578350 0.969150 2.003270 1.227270 0.506330 1.843980 1.360730 1.333490
0.285400 0.606790 0.364280 0.580340 0.365240 0.623250 0.739800 0.391160 0.677530 0.461040 0.150000 0.582600 0.457650 0.404810 0.463210 0.657640 0.359420 0.568040 0.473210 0.208410 0.284930 0.723070 0.690860 0.565290 0.378610 0.367770 0.480020 0.596460 0.506700 0.503670 0.374650 0.206170 0.541690 1.273550 0.297770 0.655540 0.366180 0.641990 0.751890 0.973610 0.524220 6.170720 0.818690 0.857750 0.565800 0.792620 0.985380 1.369380 0.247900 0.354440 0.491090 0.588380 0.331820 0.526050 1.034790 0.632670 0.300220 0.962360 0.709030 0.695150
1.400600 4.159390 2.006990 3.944450 2.347900 4.624440 4.211090 1.935370 4.018560 2.391460 0.222600 3.398820 2.935980 2.588710 3.093350 4.447800 1.948370 3.512350 2.785260 0.974980 1.464000 5.152920 5.825040 4.474150 2.272250 2.319700 3.415740 4.254250 3.116070 2.918620 1.850160 0.792980 4.252170 10.778700 1.777210 5.538990 2.205550 4.818180 5.970460 7.561660 4.399770 54.534988 6.647980 6.664060 3.974890 6.811860 8.137000 11.848840 1.166700 2.360440 3.510060 4.319850 2.477690 4.193810 8.949890 5.456980 2.088280 8.221360 6.065350 5.941190
0.214110 0.520800 0.287580 0.496160 0.305070 0.552710 0.552160 0.279710 0.504770 0.334320 0.090000 0.430590 0.399480 0.332650 0.393840 0.556810 0.256180 0.420460 0.345080 0.138360 0.197950 0.640890 0.699270 0.559620 0.320020 0.309130 0.432200 0.531410 0.372530 0.368890 0.266810 0.135140 0.508790 1.306220 0.260770 0.663150 0.304070 0.583530 0.712370 0.928840 0.526350 6.568570 0.819870 0.838140 0.517780 0.815460 0.998120 1.420000 0.186280 0.304760 0.443290 0.541130 0.312170 0.526050 1.070280 0.653250 0.273520 0.983750 0.726080 0.711210
0.309420 0.729260 0.404630 0.693520 0.427890 0.770470 0.748260 0.383870 0.695010 0.456900 0.120000 0.595790 0.554080 0.477300 0.556670 0.790770 0.364930 0.592380 0.483810 0.211760 0.287840 0.877060 0.966370 0.768380 0.447800 0.439360 0.608160 0.740660 0.528260 0.514450 0.366610 0.191520 0.710540 1.776970 0.358540 0.919540 0.428330 0.828360 0.998710 1.282210 0.734010 8.795200 1.126460 1.150800 0.721430 1.120720 1.364880 1.930680 0.272860 0.440270 0.624150 0.753670 0.437420 0.723480 1.474300 0.903740 0.385710 1.355790 1.001160 0.981280
0.255020 0.622770 0.338480 0.591350 0.362410 0.665980 0.647940 0.322470 0.601290 0.387710 0.090630 0.512640 0.466080 0.403730 0.473250 0.678080 0.306880 0.507700 0.412750 0.172870 0.240760 0.759780 0.841460 0.662700 0.375320 0.370820 0.518670 0.634250 0.453100 0.440510 0.307060 0.155350 0.611690 1.555170 0.299860 0.797730 0.358190 0.712930 0.864100 1.108110 0.634680 7.835380 0.973570 0.989590 0.615450 0.974280 1.186550 1.703090 0.222550 0.372080 0.530130 0.643430 0.370790 0.622610 1.285030 0.783350 0.326590 1.179690 0.868230 0.851590
0.171390 0.257780 0.192800 0.249130 0.168000 0.236830 0.210910 0.149500 0.186970 0.161820 0.120000 0.170270 0.410890 0.197210 0.266330 0.299770 0.136650 0.154730 0.151000 0.120000 0.125020 0.178960 0.160580 0.144490 0.342790 0.333460 0.444600 0.273300 0.143920 0.159740 0.146600 0.120000 0.132730 0.255990 0.124440 0.155080 0.326990 0.591650 0.690400 0.761920 0.134890 2.038410 0.196180 0.234740 0.213930 0.159460 0.217880 0.249060 0.227530 0.335440 0.454140 0.537950 0.149760 0.202630 0.311700 0.221470 0.122750 0.208390 0.149420 0.149930
0.222650 0.453090 0.276470 0.431290 0.273180 0.459450 0.358660 0.209940 0.320650 0.239740 0.120000 0.280090 0.809840 0.306960 0.472930 0.501110 0.189780 0.259500 0.231980 0.135750 0.159940 0.299750 0.255190 0.216230 0.640140 0.634290 0.909750 0.490200 0.235570 0.249110 0.202890 0.134830 0.208650 0.449070 0.149960 0.243850 0.611340 1.253150 1.542730 1.663570 0.197340 4.920750 0.303680 0.340580 0.268130 0.274420 0.355580 0.472940 0.360520 0.640370 0.933160 1.139790 0.233160 0.357080 0.595520 0.421210 0.164190 0.341420 0.247470 0.243860
0.386030 0.972900 0.517750 0.924800 0.564380 1.044880 0.725620 0.373760 0.674920 0.444280 0.120000 0.579070 1.767100 0.627630 1.023320 1.050330 0.356880 0.573020 0.469020 0.210800 0.283060 0.627250 0.525930 0.429670 1.376870 1.392440 2.045050 1.064220 0.513950 0.501610 0.357100 0.190860 0.450310 0.963580 0.231190 0.502040 1.321040 2.864720 3.538220 3.761110 0.406670 11.146850 0.622290 0.654780 0.440730 0.603580 0.745700 1.031620 0.716380 1.419400 2.099620 2.579970 0.491730 0.762860 1.343200 0.955580 0.301060 0.734840 0.540630 0.530300
0.298190 0.701200 0.392690 0.669520 0.413750 0.740860 0.535820 0.289020 0.490070 0.338490 0.120000 0.422860 1.269280 0.459210 0.738640 0.751840 0.264880 0.410870 0.345410 0.157980 0.212140 0.457860 0.383920 0.319270 0.995580 0.994780 1.455260 0.766700 0.367430 0.366970 0.277340 0.158070 0.322440 0.694780 0.188290 0.361810 0.943060 2.022040 2.493600 2.660310 0.287650 7.845200 0.456670 0.490920 0.347090 0.429190 0.543930 0.735760 0.532310 1.016460 1.493550 1.830470 0.349700 0.552980 0.950860 0.679190 0.225620 0.521560 0.385430 0.378150
0.132670 0.224840 0.153140 0.209830 0.137110 0.215910 0.202000 0.123380 0.172730 0.139140 0.090000 0.151250 0.340250 0.159000 0.213600 0.264890 0.108680 0.129990 0.124950 0.090000 0.096410 0.168870 0.155020 0.130540 0.274660 0.269110 0.364160 0.227400 0.119860 0.137250 0.119670 0.090970 0.115700 0.274260 0.100020 0.149410 0.268630 0.496140 0.597080 0.664850 0.115170 2.463430 0.181220 0.210610 0.174080 0.160070 0.212730 0.294080 0.172990 0.262970 0.374210 0.451940 0.233060 0.386980 0.609670 0.470110 0.128880 0.201530 0.142720 0.139030
0.261300 0.637410 0.347750 0.608420 0.373620 0.680270 0.555890 0.286920 0.518730 0.340830 0.090000 0.445490 0.716060 0.416050 0.552900 0.685260 0.273290 0.445110 0.362760 0.156800 0.215830 0.567840 0.561610 0.451980 0.567170 0.564080 0.813560 0.618930 0.397780 0.384590 0.274180 0.144200 0.439930 1.028630 0.222390 0.533700 0.539420 1.122760 1.374700 1.559580 0.429480 8.059210 0.659490 0.680600 0.437460 0.648930 0.794780 1.108510 0.315150 0.574860 0.834370 1.017660 1.149350 1.972160 3.243220 2.561270 0.521630 0.786660 0.581090 0.569800
0.637410 1.815170 0.903170 1.726070 1.034890 1.999190 1.651370 0.781520 1.555890 0.955850 0.130240 1.319040 1.838310 1.134660 1.501350 1.929450 0.762170 1.342490 1.066850 0.385440 0.576290 1.799370 1.869580 1.460050 1.426740 1.430980 2.123110 1.785050 1.189470 1.122050 0.740340 0.321280 1.417510 3.466290 0.618350 1.774860 1.359370 2.965440 3.689630 4.259500 1.411270 24.369419 2.157800 2.173430 1.308200 2.186460 2.635750 3.802100 0.730090 1.463230 2.180680 2.687300 2.792850 4.834150 8.228040 6.313330 1.335720 2.637670 1.946830 1.906960
0.244870 0.612820 0.329380 0.581740 0.355550 0.654310 0.548840 0.278240 0.501580 0.332470 0.090000 0.427890 0.699920 0.389800 0.525890 0.659240 0.257470 0.417620 0.343150 0.145240 0.200390 0.550970 0.542160 0.434420 0.550140 0.543410 0.788120 0.592340 0.370010 0.368290 0.265420 0.136160 0.412430 1.004520 0.213320 0.513220 0.521440 1.085330 1.342810 1.528640 0.403390 8.097860 0.633120 0.654190 0.417310 0.622670 0.769250 1.092190 0.296590 0.547970 0.809070 0.993470 1.133960 1.963870 3.222710 2.546670 0.504500 0.753030 0.554430 0.543080
0.267960 0.670120 0.358260 0.634110 0.386880 0.719180 0.690470 0.341460 0.642070 0.411410 0.090230 0.547010 0.513630 0.429100 0.504900 0.724390 0.325850 0.543420 0.439080 0.181960 0.254850 0.807270 0.889650 0.700950 0.407440 0.401070 0.567890 0.679310 0.484430 0.469600 0.324940 0.161650 0.650540 1.649170 0.314880 0.847820 0.388600 0.779810 0.958140 1.220680 0.675470 8.494880 1.031070 1.046560 0.646220 1.036550 1.256450 1.805780 0.233080 0.400360 0.583810 0.712970 0.442170 0.754600 1.504630 0.954210 0.359190 1.253790 0.922730 0.904540
0.303830 0.711340 0.396370 0.676440 0.417840 0.750320 0.730260 0.375830 0.677630 0.446870 0.120000 0.581140 0.541660 0.466300 0.543350 0.771780 0.356690 0.576980 0.471000 0.207880 0.281740 0.854710 0.940950 0.749000 0.438270 0.428710 0.593520 0.722330 0.514620 0.502120 0.359050 0.188830 0.691930 1.733870 0.351200 0.895380 0.419530 0.807010 0.972740 1.249340 0.714740 8.665380 1.097550 1.122330 0.704240 1.090860 1.329460 1.891110 0.268360 0.430340 0.609090 0.734960 0.427090 0.705350 1.435190 0.879820 0.376810 1.319790 0.974590 0.955240
0.378770 1.045140 0.530740 0.994210 0.598960 1.143250 1.077950 0.514450 1.012020 0.627390 0.091980 0.858580 0.762200 0.656000 0.782600 1.113800 0.497830 0.869670 0.690960 0.253780 0.377410 1.293530 1.441730 1.125460 0.597840 0.591310 0.861930 1.067150 0.770550 0.730980 0.487760 0.215440 1.052420 2.670990 0.475290 1.369030 0.563560 1.190430 1.473510 1.889160 1.088680 13.523220 1.663730 1.670210 1.003570 1.686690 2.032450 2.932890 0.319610 0.598390 0.884910 1.087250 0.615270 1.056040 2.213730 1.351180 0.533710 2.034750 1.501850 1.471090
0.220270 0.540430 0.296700 0.514830 0.316080 0.574860 0.571870 0.288520 0.523780 0.345300 0.090000 0.446630 0.413090 0.344760 0.408420 0.575280 0.265220 0.437290 0.357710 0.142510 0.204670 0.665350 0.724420 0.580820 0.330430 0.319090 0.448300 0.551490 0.387450 0.382470 0.275090 0.138150 0.529170 1.357330 0.268820 0.688110 0.311250 0.603060 0.740930 0.964830 0.547410 6.829140 0.851480 0.869300 0.533690 0.848110 1.036880 1.473570 0.190530 0.315790 0.459870 0.561600 0.323480 0.545910 1.113130 0.679400 0.283260 1.023160 0.755170 0.739710

0.000000 21.329695 22.164885 19.862193 17.620824 22.618818 27.492691 32.938141 37.611988 43.841270 47.089973 50.973813 29.999141 30.589863 32.762420 30.373854 32.898781 33.519367 36.394980 36.770699 40.321434 42.060730 43.295930 52.364645 33.860762 35.709703 37.078297 40.020191 40.247707 42.797777 43.885906 43.591383 45.372703 48.148789 51.725809 53.373668 42.329383 41.402176 43.376605 45.815961 44.956250 47.894301 46.661437 46.165250 47.928852 48.178043 50.630574 55.479016 47.996230 47.689297 47.077148 48.603148 51.096914 49.753367 48.972133 52.648598 50.118457 52.933914 51.686820 54.386613
21.329695 0.000000 7.483431 11.747816 23.780953 11.956670 18.017336 19.907385 25.244529 34.337340 39.783426 44.565234 9.695656 9.296834 12.015410 12.210629 14.414406 16.030126 18.490979 20.129586 22.845221 24.848150 27.376162 37.294473 13.281900 14.529844 15.860766 19.529822 20.686980 22.939682 24.675553 25.027500 26.763115 30.199830 34.521992 36.780129 21.656258 20.073027 22.061510 24.531102 24.005855 26.832979 25.886311 25.717408 27.279611 28.138291 31.677936 37.597750 30.176607 28.353283 26.165205 27.340043 29.779471 28.601080 27.994869 31.495957 29.259531 32.053523 31.237813 33.939723
22.164885 7.483431 0.000000 5.345542 18.773270 4.589048 10.539971 13.093956 18.451146 27.172662 32.429209 37.175434 15.304349 11.670716 11.931308 8.225338 10.744511 11.430004 14.283659 15.012236 18.366688 20.217557 22.023098 31.716643 18.059166 17.902215 16.880510 18.401469 18.162922 20.762926 21.726211 21.451908 23.236600 26.160760 30.017162 31.940660 25.587043 21.779908 23.365398 25.453258 23.700650 26.750977 25.130090 24.360373 26.247748 26.144867 28.477742 33.568203 35.994922 33.346789 29.444396 29.521906 30.830416 28.767047 27.654887 31.598656 28.614092 31.408719 29.806334 32.478363
19.862193 11.747816 5.345542 0.000000 13.498645 2.811688 8.302050 13.128515 18.054273 25.564295 30.107400 34.643809 20.475295 17.004266 16.946455 12.170850 14.490396 14.442386 17.277580 17.162113 20.826615 22.436039 23.450029 32.550809 23.367869 23.238746 21.950006 22.797797 21.935908 24.594768 25.089365 24.423670 26.164598 28.603617 31.957287 33.528125 30.927424 26.893279 28.373008 30.336018 28.237592 31.303238 29.464449 28.461033 30.442391 29.889744 31.449850 35.812926 41.220234 38.675195 34.732184 34.648789 35.680750 33.370813 32.097102 36.139805 32.919664 35.666066 33.743187 36.350211
17.620824 23.780953 18.773270 13.498645 0.000000 15.518086 16.119521 22.225252 25.221441 28.733279 30.734461 34.140094 33.281703 30.432227 30.406443 25.197855 27.253467 26.623590 29.194625 28.179115 31.855977 33.021402 32.805430 40.111043 36.493082 36.651812 35.415531 35.801387 34.379277 37.011512 36.961445 35.851062 37.447105 39.090020 41.484395 42.376066 44.316730 40.368160 41.794000 43.667715 41.291926 44.342273 42.306555 41.073309 43.122383 42.063852 42.564734 45.648703 53.946270 51.818270 48.214934 48.122453 48.966594 46.443070 45.018492 49.128203 45.686535 48.345992 46.069508 48.550152
22.618818 11.956670 4.589048 2.811688 15.518086 0.000000 6.394987 10.504790 15.593122 23.576643 28.467104 33.124145 19.777598 15.605120 14.986391 9.724099 11.924601 11.716496 14.526503 14.351325 18.020264 19.624354 20.677434 29.876506 22.327766 21.800867 19.985900 20.370896 19.303100 21.963666 22.359240 21.645236 23.379111 25.792617 29.157533 30.755635 29.483824 24.944902 26.303076 28.149850 25.846369 28.907459 26.976830 25.892389 27.898633 27.219527 28.661605 33.003266 40.368785 37.500406 33.050297 32.684369 33.451496 30.994857 29.646240 33.723832 30.409289 33.130391 31.111123 33.696223
27.492691 18.017336 10.539971 8.302050 16.119521 6.394987 0.000000 6.138641 10.138147 17.279850 22.072574 26.742557 24.749443 19.640945 17.797859 11.577401 12.799540 11.457536 13.612400 12.181740 15.798380 16.903701 16.852867 25.080490 26.712967 25.466693 22.455578 21.163254 19.024270 21.547783 21.120033 19.847992 21.391873 22.977791 25.565105 26.709590 32.920004 27.248111 28.189270 29.586344 26.551590 29.493441 27.189494 25.703971 27.784873 26.314854 26.460316 29.669324 44.766781 41.350965 35.858547 34.727352 34.596691 31.610926 29.958033 34.098379 30.403500 32.923926 30.370828 32.745771
32.938141 19.907385 13.093956 13.128515 22.225252 10.504790 6.138641 0.000000 5.367233 14.583698 20.459545 25.336660 24.423836 18.538072 15.620976 9.683685 9.643304 7.588005 8.753752 6.604658 9.958153 10.862582 10.744831 19.430189 25.534770 23.537455 19.526453 16.900795 14.121089 16.424260 15.551594 14.059784 15.498002 16.867594 19.452064 20.697699 30.441830 23.905172 24.451211 25.441264 21.971572 24.743297 22.260721 20.571955 22.641598 20.781273 20.445645 23.537563 43.094168 39.104645 32.688570 30.920590 30.110074 26.829549 25.020119 29.116299 25.265025 27.629521 24.845986 27.096172
37.611988 25.244529 18.451146 18.054273 25.221441 15.593122 10.138147 5.367233 0.000000 9.614143 15.830106 20.691031 29.223709 23.160344 19.837750 14.425026 13.739766 11.477942 11.407887 8.564872 10.401753 10.281671 8.319290 15.039401 29.957545 27.608078 23.076510 19.379529 15.996690 17.762020 16.082335 14.137667 15.099648 15.204918 16.570826 17.191018 34.007609 26.960627 27.126400 27.659857 23.796246 26.230457 23.583035 21.645859 23.603098 21.068428 19.255602 20.800482 47.022125 42.703051 35.675934 33.352664 31.791838 28.204695 26.222840 30.128391 26.136852 28.152225 24.990479 26.882285
43.841270 34.337340 27.172662 25.564295 28.733279 23.576643 17.279850 14.583698 9.614143 0.000000 6.415902 11.173979 38.824398 32.774074 29.421908 24.015680 23.334586 21.066291 20.700393 17.820508 18.652396 17.747688 14.376917 14.539146 39.555102 37.128746 32.434475 28.253990 24.646578 25.921920 23.700156 21.560766 21.924494 20.461914 19.543395 18.690824 43.282293 36.014402 35.933082 36.119109 32.054002 34.111145 31.419350 29.351375 31.100191 28.032252 24.594439 23.386283 56.429246 51.950574 44.580414 41.870172 39.687523 35.912738 33.837074 37.406801 33.424758 34.974922 31.541004 32.888641
47.089973 39.783426 32.429209 30.107400 30.734461 28.467104 22.072574 20.459545 15.830106 6.415902 0.000000 4.881354 44.868855 38.898418 35.663160 30.074064 29.562008 27.305135 27.073783 24.193357 25.058488 24.100650 20.636344 18.934922 45.768133 43.432680 38.806348 34.669891 31.059455 32.296441 30.018047 27.869320 28.133813 26.373070 24.837812 23.506523 49.676938 42.428199 42.346102 42.505035 38.423180 40.418152 37.728871 35.648461 37.350297 34.196875 30.415746 28.344740 62.794066 58.351574 50.995086 48.256449 45.980281 42.181418 40.096043 43.576395 39.618355 41.048039 37.574461 38.759152
50.973813 44.565234 37.175434 34.643809 34.140094 33.124145 26.742557 25.336660 20.691031 11.173979 4.881354 0.000000 49.749449 43.778766 40.528457 34.955418 34.428871 32.168883 31.874340 28.994352 29.696418 28.629242 25.062762 22.021258 50.640313 48.279398 43.608453 39.361133 35.718102 36.841086 34.471781 32.317154 32.455471 30.409244 28.388961 26.730549 54.448594 47.144891 46.996180 47.060410 42.946219 44.829051 42.149305 40.055258 41.687035 38.438508 34.333148 31.574414 67.603133 63.109840 55.654281 52.807187 50.359145 46.531918 44.437660 47.793078 43.875832 45.159324 41.656160 42.667961
29.999141 9.695656 15.304349 20.475295 33.281703 19.777598 24.749443 24.423836 29.223709 38.824398 44.868855 49.749449 0.000000 6.201048 10.119229 14.810872 15.748776 17.986453 19.322361 21.879561 23.247172 25.195293 28.547842 38.148348 3.869686 6.523659 10.641571 16.107500 18.826180 20.213795 22.706340 23.859193 25.311490 29.120377 33.798148 36.435387 12.331294 12.990619 15.162924 17.775908 18.751820 20.988225 20.947568 21.543209 22.523842 24.496078 29.297254 35.978477 20.755176 18.659746 17.103295 19.093828 22.468561 22.315596 22.340309 25.072148 23.851250 26.430420 26.609965 29.153750
30.589863 9.296834 11.670716 17.004266 30.432227 15.605120 19.640945 18.538072 23.160344 32.774074 38.898418 43.778766 6.201048 0.000000 4.040071 8.854439 9.567597 11.819976 13.133373 15.679254 17.129254 19.102713 22.386711 32.062738 7.104943 6.235128 6.592665 10.997126 13.134001 14.888072 17.137687 18.060592 19.616652 23.365221 27.991287 30.556129 13.927700 10.855921 12.788555 15.236633 14.885001 17.616092 16.881416 16.990371 18.354068 19.691736 23.979043 30.448301 25.126338 21.924865 17.833883 18.355531 20.508621 19.332451 18.824275 22.223225 20.158299 22.920578 22.404863 25.073789
32.762420 12.015410 11.931308 16.946455 30.406443 14.986391 17.797859 15.620976 19.837750 29.421908 35.663160 40.528457 10.119229 4.040071 0.000000 6.262692 6.102105 8.359936 9.259542 11.936715 13.130262 15.088523 18.433104 28.048127 10.144005 7.921142 5.009279 7.518570 9.184875 11.126631 13.217175 14.047990 15.633162 19.355836 23.966113 26.519484 15.136457 9.965700 11.444098 13.536349 12.194227 15.155678 13.945808 13.702002 15.293821 16.177209 20.137145 26.498691 27.480340 23.665900 18.196523 17.716980 18.918561 17.076402 16.210108 19.956771 17.375166 20.187645 19.225150 21.928980
30.373854 12.210629 8.225338 12.170850 25.197855 9.724099 11.577401 9.683685 14.425026 24.015680 30.074064 34.955418 14.810872 8.854439 6.262692 0.000000 2.525982 3.823182 6.380484 7.954516 10.700056 12.679622 15.189616 25.115973 15.874258 14.106630 10.898893 10.650246 9.958531 12.583178 13.513172 13.360464 15.144501 18.291982 22.436961 24.611143 21.396520 15.757816 16.873002 18.547713 16.122274 19.183686 17.294121 16.324386 18.283982 17.952648 20.332482 25.731877 33.626000 29.920982 24.293025 23.370459 23.793170 21.270977 19.938441 24.003842 20.749352 23.501258 21.688352 24.336902
32.898781 14.414406 10.744511 14.490396 27.253467 11.924601 12.799540 9.643304 13.739766 23.334586 29.562008 34.428871 15.748776 9.567597 6.102105 2.525982 0.000000 2.271461 4.087308 6.198635 8.440531 10.453341 13.255664 23.151510 16.220692 13.954063 9.943778 8.577668 7.487271 10.132658 10.987521 10.867363 12.648055 15.872783 20.113822 22.373457 20.810492 14.543072 15.393521 16.825375 14.066523 17.102002 15.070531 13.975728 15.974421 15.480775 17.816068 23.307287 33.486496 29.463586 23.265703 21.932693 21.942850 19.210922 17.767371 21.874955 18.488766 21.205846 19.268582 21.897830
33.519367 16.030126 11.430004 14.442386 26.623590 11.716496 11.457536 7.588005 11.477942 21.066291 27.305135 32.168883 17.986453 11.819976 8.359936 3.823182 2.271461 0.000000 2.880128 4.149951 6.996629 8.931973 11.369395 21.296066 18.489006 16.168670 11.945283 9.721655 7.757770 10.389077 10.647425 10.087356 11.862067 14.740001 18.733311 20.839637 22.879945 16.348063 17.005992 18.209363 15.094895 18.050854 15.810366 14.463108 16.525215 15.538557 17.138334 22.163096 35.669598 31.558512 25.122783 23.524912 23.147619 20.169684 18.566680 22.707244 19.114932 21.735115 19.487168 22.029455
36.394980 18.490979 14.283659 17.277580 29.194625 14.526503 13.612400 8.753752 11.407887 20.700393 27.073783 31.874340 19.322361 13.133373 9.259542 6.380484 4.087308 2.880128 0.000000 2.880602 4.355089 6.366042 9.297151 19.131717 19.273975 16.544947 11.734438 8.201504 5.444888 7.935747 7.850060 7.207270 8.982296 11.934861 16.063766 18.290174 22.621234 15.574730 15.877049 16.716480 13.225250 16.042051 13.632851 12.092429 14.173844 12.870717 14.258408 19.372250 35.728891 31.311105 24.325746 22.266922 21.362217 18.143934 16.404205 20.534279 16.794738 19.317395 16.879170 19.361340
36.770699 20.129586 15.012236 17.162113 28.179115 14.351325 12.181740 6.604658 8.564872 17.820508 24.193357 28.994352 21.879561 15.679254 11.936715 7.954516 6.198635 4.149951 2.880602 0.000000 3.721048 5.292236 7.246627 17.167826 22.034170 19.385869 14.614901 10.867160 7.694357 9.857609 8.988429 7.676789 9.278051 11.441604 15.022219 16.944041 25.496504 18.395756 18.601904 19.281035 15.594854 18.260287 15.723938 13.985875 16.049235 14.214396 14.475973 18.709184 38.608785 34.183648 27.118402 24.911521 23.712187 20.323537 18.469053 22.543738 18.669807 21.025480 18.281164 20.592326
40.321434 22.845221 18.366688 20.826615 31.855977 18.020264 15.798380 9.958153 10.401753 18.652396 25.058488 29.696418 23.247172 17.129254 13.130262 10.700056 8.440531 6.996629 4.355089 3.721048 0.000000 2.021566 5.400013 14.940694 22.788539 19.756693 14.569425 9.712301 6.027754 7.399412 5.770416 4.102960 5.594702 7.827362 11.744223 13.935225 25.001863 17.524633 17.299998 17.498801 13.504798 15.839217 13.183466 11.248499 13.226796 10.939602 10.756696 15.203330 38.313891 33.567277 25.957891 23.243488 21.412875 17.803305 15.824083 19.762984 15.790564 17.941469 14.979032 17.155314
42.060730 24.848150 20.217557 22.436039 33.021402 19.624354 16.903701 10.862582 10.281671 17.747688 24.100650 28.629242 25.195293 19.102713 15.088523 12.679622 10.453341 8.931973 6.366042 5.292236 2.021566 0.000000 3.746152 12.960489 24.625453 21.516066 16.259289 11.121762 7.407256 8.211874 5.992409 3.913516 4.854300 6.188933 9.813105 11.934594 26.458805 18.894475 18.483285 18.431197 14.325708 16.389459 13.698813 11.657791 13.506341 10.796540 9.583516 13.418286 39.797180 34.940730 27.130281 24.178387 21.976637 18.249277 16.202682 19.973521 15.967176 17.885326 14.710947 16.668506
43.295930 27.376162 22.023098 23.450029 32.805430 20.677434 16.852867 10.744831 8.319290 14.376917 20.636344 25.062762 28.547842 22.386711 18.433104 15.189616 13.255664 11.369395 9.297151 7.246627 5.400013 3.746152 0.000000 9.926677 28.183930 25.152463 19.939592 14.867222 11.151474 11.852199 9.409028 7.254396 7.558721 6.904771 8.712238 10.078538 30.204588 22.639020 22.196133 22.048750 17.907934 19.786408 17.099801 15.014291 16.726619 13.685250 11.020004 12.843902 43.542301 38.682938 30.830422 27.780756 25.344012 21.548857 19.467533 23.043969 19.054008 20.698484 17.335369 18.952561
52.364645 37.294473 31.716643 32.550809 40.111043 29.876506 25.080490 19.430189 15.039401 14.539146 18.934922 22.021258 38.148348 32.062738 28.048127 25.115973 23.151510 21.296066 19.131717 17.167826 14.940694 12.960489 9.926677 0.000000 37.423848 34.174434 28.832369 23.295662 19.789516 19.495574 16.675195 14.865783 13.978691 10.528853 6.858504 4.730779 38.246109 30.622301 29.687471 28.846129 24.755209 25.687432 23.248982 21.230045 22.286369 18.737793 13.497423 9.556003 51.489676 46.304449 37.950332 34.253473 30.760369 26.936029 24.897814 27.484301 23.917002 24.514732 21.032250 21.449600
33.860762 13.281900 18.059166 23.367869 36.493082 22.327766 26.712967 25.534770 29.957545 39.555102 45.768133 50.640313 3.869686 7.104943 10.144005 15.874258 16.220692 18.489006 19.273975 22.034170 22.788539 24.625453 28.183930 37.423848 0.000000 3.591245 8.776629 14.488578 17.689326 18.616621 21.300096 22.731029 24.007365 27.838250 32.538535 35.270785 8.481526 9.839014 11.984373 14.560748 16.134516 18.041943 18.373494 19.265477 19.969562 22.329000 27.493066 34.326508 18.094775 15.331877 13.233608 15.342203 18.954473 19.164385 19.431238 21.819660 20.999186 23.442152 23.993230 26.424809
35.709703 14.529844 17.902215 23.238746 36.651812 21.800867 25.466693 23.537455 27.608078 37.128746 43.432680 48.279398 6.523659 6.235128 7.921142 14.106630 13.954063 16.168670 16.544947 19.385869 19.756693 21.516066 25.152463 34.174434 3.591245 0.000000 5.354967 11.037216 14.386600 15.136244 17.862586 19.384387 20.589230 24.411498 29.105072 31.861098 7.694318 6.477522 8.650086 11.260574 12.566778 14.580510 14.802318 15.674321 16.397449 18.740016 23.938275 30.790387 19.559297 15.886441 11.740879 12.911086 15.983607 15.821872 15.956166 18.556639 17.504305 20.009305 20.436496 22.897193
37.078297 15.860766 16.880510 21.950006 35.415531 19.985900 22.455578 19.526453 23.076510 32.434475 38.806348 43.608453 10.641571 6.592665 5.009279 10.898893 9.943778 11.945283 11.734438 14.614901 14.569425 16.259289 19.939592 28.832369 8.776629 5.354967 0.000000 5.712198 9.043214 9.841761 12.529949 14.029533 15.247484 19.074707 23.772598 26.518246 10.956144 4.959115 6.505181 8.774694 8.385779 11.031884 10.482400 10.913328 12.018806 13.855317 18.788260 25.580965 23.995717 19.651033 13.403542 12.707750 14.132250 12.743506 12.263581 15.636737 13.643212 16.374741 16.110364 18.725697
40.020191 19.529822 18.401469 22.797797 35.801387 20.370896 21.163254 16.900795 19.379529 28.253990 34.669891 39.361133 16.107500 10.997126 7.518570 10.650246 8.577668 9.721655 8.201504 10.867160 9.712301 11.121762 14.867222 23.295662 14.488578 11.037216 5.712198 0.000000 3.717789 4.140223 6.825374 8.431896 9.554887 13.374384 18.068271 20.825691 15.337546 7.812467 7.747076 8.543896 5.492307 8.542041 6.728711 6.199187 7.911117 8.707037 13.189759 19.912803 28.675457 23.859490 16.342674 14.067556 13.433940 10.642203 9.301233 13.353649 10.213122 13.012843 11.736494 14.444352
40.247707 20.686980 18.162922 21.935908 34.379277 19.303100 19.024270 14.121089 15.996690 24.646578 31.059455 35.718102 18.826180 13.134001 9.184875 9.958531 7.487271 7.757770 5.444888 7.694357 6.027754 7.407256 11.151474 19.789516 17.689326 14.386600 9.043214 3.717789 0.000000 2.660661 4.040635 5.058001 6.498014 10.294440 14.974977 17.642477 19.054623 11.518321 11.286652 11.663382 7.900557 10.622755 8.187988 6.711492 8.782674 7.995709 11.019402 17.319076 32.390932 27.569607 19.938893 17.364533 16.024169 12.714521 10.959411 15.091135 11.389413 13.979702 11.809828 14.418224
42.797777 22.939682 20.762926 24.594768 37.011512 21.963666 21.547783 16.424260 17.762020 25.921920 32.296441 36.841086 20.213795 14.888072 11.126631 12.583178 10.132658 10.389077 7.935747 9.857609 7.399412 8.211874 11.852199 19.495574 18.616621 15.136244 9.841761 4.140223 2.660661 0.000000 2.823289 4.769076 5.556955 9.321508 13.991867 16.776164 18.778686 11.142750 10.416772 10.219328 6.134039 8.480558 5.880051 4.166000 6.247288 5.384832 9.112472 15.778269 32.080066 27.031984 19.002693 15.967305 14.029871 10.500803 8.612462 12.692295 8.873001 11.386297 9.149466 11.765325
43.885906 24.675553 21.726211 25.089365 36.961445 22.359240 21.120033 15.551594 16.082335 23.700156 30.018047 34.471781 22.706340 17.137687 13.217175 13.513172 10.987521 10.647425 7.850060 8.988429 5.770416 5.992409 9.409028 16.675195 21.300096 17.862586 12.529949 6.825374 4.040635 2.823289 0.000000 2.154740 2.743861 6.549353 11.243424 14.003145 21.584693 13.952608 13.140740 12.708789 8.543284 10.411556 7.719579 5.665944 7.537918 5.230014 7.002677 13.315631 34.869742 29.781570 21.650055 18.409383 15.993320 12.256917 10.214560 14.048050 10.054582 12.172907 9.296095 11.626503
43.591383 25.027500 21.451908 24.423670 35.851062 21.645236 19.847992 14.059784 14.137667 21.560766 27.869320 32.317154 23.859193 18.060592 14.047990 13.360464 10.867363 10.087356 7.207270 7.676789 4.102960 3.913516 7.254396 14.865783 22.731029 19.384387 14.029533 8.431896 5.058001 4.769076 2.154740 0.000000 1.785914 5.308107 9.944591 12.586966 23.513529 15.877362 15.182286 14.842532 10.683046 12.552037 9.861082 7.791298 9.599786 6.943365 7.051458 12.585160 36.831637 31.800750 23.741084 20.554258 18.126951 14.367950 12.308688 16.060170 12.054050 14.016859 10.934762 13.057539
45.372703 26.763115 23.236600 26.164598 37.447105 23.379111 21.391873 15.498002 15.099648 21.924494 28.133813 32.455471 25.311490 19.616652 15.633162 15.144501 12.648055 11.862067 8.982296 9.278051 5.594702 4.854300 7.558721 13.978691 24.007365 20.589230 15.247484 9.554887 6.498014 5.556955 2.743861 1.785914 0.000000 3.832301 8.533434 11.271891 24.267500 16.646861 15.740659 15.107687 10.946828 12.421683 9.777604 7.674975 9.231832 6.131935 5.287840 10.895398 37.521898 32.382094 24.147527 20.722416 17.909738 14.076501 11.982343 15.485889 11.500297 13.184585 9.910254 11.814224
48.148789 30.199830 26.160760 28.603617 39.090020 25.792617 22.977791 16.867594 15.204918 20.461914 26.373070 30.409244 29.120377 23.365221 19.355836 18.291982 15.872783 14.740001 11.934861 11.441604 7.827362 6.188933 6.904771 10.528853 27.838250 24.411498 19.074707 13.374384 10.294440 9.321508 6.549353 5.308107 3.832301 0.000000 4.701154 7.456450 27.859816 20.281426 19.222381 18.317404 14.237081 15.217908 12.731896 10.701934 11.839676 8.332484 4.184962 7.439929 41.032180 35.802285 27.422406 23.750535 20.448211 16.591936 14.516542 17.483480 13.689148 14.755719 11.247421 12.427036
51.725809 34.521992 30.017162 31.957287 41.484395 29.157533 25.565105 19.452064 16.570826 19.543395 24.837812 28.388961 33.798148 27.991287 23.966113 22.436961 20.113822 18.733311 16.063766 15.022219 11.744223 9.813105 8.712238 6.858504 32.538535 29.105072 23.772598 18.068271 14.974977 13.991867 11.243424 9.944591 8.533434 4.701154 0.000000 2.832503 32.347717 24.826250 23.648445 22.530654 18.566760 19.154645 16.854928 14.937048 15.748679 12.199644 6.707328 4.232106 45.416676 40.107781 31.620180 27.748365 24.047629 20.261346 18.265686 20.667914 17.192209 17.669895 14.203302 14.603587
53.373668 36.780129 31.940660 33.528125 42.376066 30.755635 26.709590 20.697699 17.191018 18.690824 23.506523 26.730549 36.435387 30.556129 26.519484 24.611143 22.373457 20.839637 18.290174 16.944041 13.935225 11.934594 10.078538 4.730779 35.270785 31.861098 26.518246 20.825691 17.642477 16.776164 14.003145 12.586966 11.271891 7.456450 2.832503 0.000000 35.179887 27.653754 26.480744 25.346520 21.395979 21.932141 19.665838 17.762109 18.531256 14.991312 9.403783 4.852086 48.245281 42.928824 34.428512 30.523352 26.736887 22.980238 21.009432 23.258229 19.886953 20.204906 16.790334 16.953451
42.329383 21.656258 25.587043 30.927424 44.316730 29.483824 32.920004 30.441830 34.007609 43.282293 49.676938 54.448594 12.331294 13.927700 15.136457 21.396520 20.810492 22.879945 22.621234 25.496504 25.001863 26.458805 30.204588 38.246109 8.481526 7.694318 10.956144 15.337546 19.054623 18.778686 21.584693 23.513529 24.267500 27.859816 32.347717 35.179887 0.000000 7.637168 8.735253 10.434050 13.880360 14.351197 15.880432 17.535508 17.323867 20.552611 26.256885 33.105012 13.341970 8.697379 4.924146 8.218669 12.846021 14.569593 15.689449 16.585109 17.277201 19.041434 20.752031 22.662096
41.402176 20.073027 21.779908 26.893279 40.368160 24.944902 27.248111 23.905172 26.960627 36.014402 42.428199 47.144891 12.990619 10.855921 9.965700 15.757816 14.543072 16.348063 15.574730 18.395756 17.524633 18.894475 22.639020 30.622301 9.839014 6.477522 4.959115 7.812467 11.518321 11.142750 13.952608 15.877362 16.646861 20.281426 24.826250 27.653754 7.637168 0.000000 2.172806 4.785289 6.723720 8.226684 8.922032 10.258633 10.492101 13.359109 18.948643 25.850998 20.960256 16.051666 8.785916 7.755569 9.742253 9.350408 9.625760 12.081638 11.214955 13.604783 14.367425 16.686029
43.376605 22.061510 23.365398 28.373008 41.794000 26.303076 28.189270 24.451211 27.126400 35.933082 42.346102 46.996180 15.162924 12.788555 11.444098 16.873002 15.393521 17.005992 15.877049 18.601904 17.299998 18.483285 22.196133 29.687471 11.984373 8.650086 6.505181 7.747076 11.286652 10.416772 13.140740 15.182286 15.740659 19.222381 23.648445 26.480744 8.735253 2.172806 0.000000 2.613542 5.147094 6.166784 7.208779 8.800353 8.719109 11.831599 17.523953 24.384428 21.810539 16.644713 8.659808 6.539259 7.720345 7.185249 7.571744 9.909229 9.178244 11.483279 12.442727 14.668844
45.815961 24.531102 25.453258 30.336018 43.667715 28.149850 29.586344 25.441264 27.659857 36.119109 42.505035 47.060410 17.775908 15.236633 13.536349 18.547713 16.825375 18.209363 16.716480 19.281035 17.498801 18.431197 22.048750 28.846129 14.560748 11.260574 8.774694 8.543896 11.663382 10.219328 12.708789 14.842532 15.107687 18.317404 22.530654 25.346520 10.434050 4.785289 2.613542 0.000000 4.170240 3.924496 5.687119 7.622223 6.986483 10.402771 16.130101 22.861586 22.968912 17.589488 9.107447 5.751442 5.382942 4.610590 5.291344 7.296479 6.899880 9.000130 10.328653 12.367369
44.956250 24.005855 23.700650 28.237592 41.291926 25.846369 26.551590 21.971572 23.796246 32.054002 38.423180 42.946219 18.751820 14.885001 12.194227 16.122274 14.066523 15.094895 13.225250 15.594854 13.504798 14.325708 17.907934 24.755209 16.134516 12.566778 8.385779 5.492307 7.900557 6.134039 8.543284 10.683046 10.946828 14.237081 18.566760 21.395979 13.880360 6.723720 5.147094 4.170240 0.000000 3.065660 2.241423 3.658240 3.837370 6.691883 12.377027 19.240781 26.850008 21.570652 13.213855 9.873669 8.138547 5.151345 4.015903 7.909253 5.273299 8.049251 7.876655 10.404150
47.894301 26.832979 26.750977 31.303238 44.342273 28.907459 29.493441 24.743297 26.230457 34.111145 40.418152 44.829051 20.988225 17.616092 15.155678 19.183686 17.102002 18.050854 16.042051 18.260287 15.839217 16.389459 19.786408 25.687432 18.041943 14.580510 11.031884 8.542041 10.622755 8.480558 10.411556 12.552037 12.421683 15.217908 19.154645 21.932141 14.351197 8.226684 6.166784 3.924496 3.065660 0.000000 2.691993 4.774015 3.408292 6.963706 12.576868 19.151225 26.667961 21.207832 12.601259 8.593728 5.589485 2.119015 1.404963 4.848599 3.014907 5.442583 6.404343 8.507364
46.661437 25.886311 25.130090 29.464449 42.306555 26.976830 27.189494 22.260721 23.583035 31.419350 37.728871 42.149305 20.947568 16.881416 13.945808 17.294121 15.070531 15.810366 13.632851 15.723938 13.183466 13.698813 17.099801 23.248982 18.373494 14.802318 10.482400 6.728711 8.187988 5.880051 7.719579 9.861082 9.777604 12.731896 16.854928 19.665838 15.880432 8.922032 7.208779 5.687119 2.241423 2.691993 0.000000 2.103347 1.596282 4.721907 10.454173 17.239635 28.646104 23.276561 14.765406 11.024347 8.277964 4.627089 2.771599 6.909000 3.484800 6.291381 5.662500 8.243982
46.165250 25.717408 24.360373 28.461033 41.073309 25.892389 25.703971 20.571955 21.645859 29.351375 35.648461 40.055258 21.543209 16.990371 13.702002 16.324386 13.975728 14.463108 12.092429 13.985875 11.248499 11.657791 15.014291 21.230045 19.265477 15.674321 10.913328 6.199187 6.711492 4.166000 5.665944 7.791298 7.674975 10.701934 14.937048 17.762109 17.535508 10.258633 8.800353 7.622223 3.658240 4.774015 2.103347 0.000000 2.081923 3.111041 8.727703 15.609562 30.486574 25.173078 16.729639 13.092996 10.336237 6.594140 4.577312 8.566073 4.707002 7.273178 5.539428 8.247530
47.928852 27.279611 26.247748 30.442391 43.122383 27.898633 27.784873 22.641598 23.603098 31.100191 37.350297 41.687035 22.523842 18.354068 15.293821 18.283982 15.974421 16.525215 14.173844 16.049235 13.226796 13.506341 16.726619 22.286369 19.969562 16.397449 12.018806 7.911117 8.782674 6.247288 7.537918 9.599786 9.231832 11.839676 15.748679 18.531256 17.323867 10.492101 8.719109 6.986483 3.837370 3.408292 1.596282 2.081923 0.000000 3.555550 9.201061 15.876359 29.937729 24.518293 15.943244 12.000765 8.693972 4.846611 2.750660 6.538102 2.626619 5.232967 4.093679 6.722993
48.178043 28.138291 26.144867 29.889744 42.063852 27.219527 26.314854 20.781273 21.068428 28.032252 34.196875 38.438508 24.496078 19.691736 16.177209 17.952648 15.480775 15.538557 12.870717 14.214396 10.939602 10.796540 13.685250 18.737793 22.329000 18.740016 13.855317 8.707037 7.995709 5.384832 5.230014 6.943365 6.131935 8.332484 12.199644 14.991312 20.552611 13.359109 11.831599 10.402771 6.691883 6.963706 4.721907 3.111041 3.555550 0.000000 5.732564 12.553518 33.367441 27.987953 19.447566 15.554589 12.118350 8.260139 6.185151 9.380496 5.438043 7.089329 4.066822 6.494033
50.630574 31.677936 28.477742 31.449850 42.564734 28.661605 26.460316 20.445645 19.255602 24.594439 30.415746 34.333148 29.297254 23.979043 20.137145 20.332482 17.816068 17.138334 14.258408 14.475973 10.756696 9.583516 11.020004 13.497423 27.493066 23.938275 18.788260 13.189759 11.019402 9.112472 7.002677 7.051458 5.287840 4.184962 6.707328 9.403783 26.256885 18.948643 17.523953 16.130101 12.377027 12.576868 10.454173 8.727703 9.201061 5.732564 0.000000 6.908478 39.097875 33.706770 25.143760 21.151723 17.345377 13.576670 11.612085 13.987019 10.490799 11.048704 7.544854 8.346556
55.479016 37.597750 33.568203 35.812926 45.648703 33.003266 29.669324 23.537563 20.800482 23.386283 28.344740 31.574414 35.978477 30.448301 26.498691 25.731877 23.307287 22.163096 19.372250 18.709184 15.203330 13.418286 12.843902 9.556003 34.326508 30.790387 25.580965 19.912803 17.319076 15.778269 13.315631 12.585160 10.895398 7.439929 4.232106 4.852086 33.105012 25.850998 24.384428 22.861586 19.240781 19.151225 17.239635 15.609562 15.876359 12.553518 6.908478 0.000000 45.805980 40.358988 31.748504 27.597863 23.416066 19.844703 18.039893 19.650693 16.709729 16.501338 13.321923 12.927966
47.996230 30.176607 35.994922 41.220234 53.946270 40.368785 44.766781 43.094168 47.022125 56.429246 62.794066 67.603133 20.755176 25.126338 27.480340 33.626000 33.486496 35.669598 35.728891 38.608785 38.313891 39.797180 43.542301 51.489676 18.094775 19.559297 23.995717 28.675457 32.390932 32.080066 34.869742 36.831637 37.521898 41.032180 45.416676 48.245281 13.341970 20.960256 21.810539 22.968912 26.850008 26.667961 28.646104 30.486574 29.937729 33.367441 39.097875 45.805980 0.000000 5.563980 14.144870 18.532977 23.317523 26.259955 27.848691 27.441025 29.308168 30.409693 32.836621 34.264227
47.689297 28.353283 33.346789 38.675195 51.818270 37.500406 41.350965 39.104645 42.703051 51.950574 58.351574 63.109840 18.659746 21.924865 23.665900 29.920982 29.463586 31.558512 31.311105 34.183648 33.567277 34.940730 38.682938 46.304449 15.331877 15.886441 19.651033 23.859490 27.569607 27.031984 29.781570 31.800750 32.382094 35.802285 40.107781 42.928824 8.697379 16.051666 16.644713 17.589488 21.570652 21.207832 23.276561 25.173078 24.518293 27.987953 33.706770 40.358988 5.563980 0.000000 8.626707 12.978004 17.753740 20.726924 22.356920 21.877127 23.793713 24.849510 27.316180 28.707121
47.077148 26.165205 29.444396 34.732184 48.214934 33.050297 35.858547 32.688570 35.675934 44.580414 50.995086 55.654281 17.103295 17.833883 18.196523 24.293025 23.265703 25.122783 24.325746 27.118402 25.957891 27.130281 30.830422 37.950332 13.233608 11.740879 13.403542 16.342674 19.938893 19.002693 21.650055 23.741084 24.147527 27.422406 31.620180 34.428512 4.924146 8.785916 8.659808 9.107447 13.213855 12.601259 14.765406 16.729639 15.943244 19.447566 25.143760 31.748504 14.144870 8.626707 0.000000 4.469716 9.377872 12.115717 13.731903 13.455976 15.168818 16.323574 18.694182 20.155260
48.603148 27.340043 29.521906 34.648789 48.122453 32.684369 34.727352 30.920590 33.352664 41.870172 48.256449 52.807187 19.093828 18.355531 17.716980 23.370459 21.932693 23.524912 22.266922 24.911521 23.243488 24.178387 27.780756 34.253473 15.342203 12.911086 12.707750 14.067556 17.364533 15.967305 18.409383 20.554258 20.722416 23.750535 27.748365 30.523352 8.218669 7.755569 6.539259 5.751442 9.873669 8.593728 11.024347 13.092996 12.000765 15.554589 21.151723 27.597863 18.532977 12.978004 4.469716 0.000000 4.919074 7.793587 9.571296 8.986313 10.907229 11.881506 14.397402 15.731339
51.096914 29.779471 30.830416 35.680750 48.966594 33.451496 34.596691 30.110074 31.791838 39.687523 45.980281 50.359145 22.468561 20.508621 18.918561 23.793170 21.942850 23.147619 21.362217 23.712187 21.412875 21.976637 25.344012 30.760369 18.954473 15.983607 14.132250 13.433940 16.024169 14.029871 15.993320 18.126951 17.909738 20.448211 24.047629 26.736887 12.846021 9.742253 7.720345 5.382942 8.138547 5.589485 8.277964 10.336237 8.693972 12.118350 17.345377 23.416066 23.317523 17.753740 9.377872 4.919074 0.000000 3.860894 5.953969 4.123980 6.855421 7.174718 10.094466 11.048168
49.753367 28.601080 28.767047 33.370813 46.443070 30.994857 31.610926 26.829549 28.204695 35.912738 42.181418 46.531918 22.315596 19.332451 17.076402 21.270977 19.210922 20.169684 18.143934 20.323537 17.803305 18.249277 21.548857 26.936029 19.164385 15.821872 12.743506 10.642203 12.714521 10.500803 12.256917 14.367950 14.076501 16.591936 20.261346 22.980238 14.569593 9.350408 7.185249 4.610590 5.151345 2.119015 4.627089 6.594140 4.846611 8.260139 13.576670 19.844703 26.259955 20.726924 12.115717 7.793587 3.860894 0.000000 2.097643 2.896834 3.135753 4.485926 6.603933 8.133802
48.972133 27.994869 27.654887 32.097102 45.018492 29.646240 29.958033 25.020119 26.222840 33.837074 40.096043 44.437660 22.340309 18.824275 16.210108 19.938441 17.767371 18.566680 16.404205 18.469053 15.824083 16.202682 19.467533 24.897814 19.431238 15.956166 12.263581 9.301233 10.959411 8.612462 10.214560 12.308688 11.982343 14.516542 18.265686 21.009432 15.689449 9.625760 7.571744 5.291344 4.015903 1.404963 2.771599 4.577312 2.750660 6.185151 11.612085 18.039893 27.848691 22.356920 13.731903 9.571296 5.953969 2.097643 0.000000 4.141653 1.614118 4.120027 5.071043 7.104719
52.648598 31.495957 31.598656 36.139805 49.128203 33.723832 34.098379 29.116299 30.128391 37.406801 43.576395 47.793078 25.072148 22.223225 19.956771 24.003842 21.874955 22.707244 20.534279 22.543738 19.762984 19.973521 23.043969 27.484301 21.819660 18.556639 15.636737 13.353649 15.091135 12.692295 14.048050 16.060170 15.485889 17.483480 20.667914 23.258229 16.585109 12.081638 9.909229 7.296479 7.909253 4.848599 6.909000 8.566073 6.538102 9.380496 13.987019 19.650693 27.441025 21.877127 13.455976 8.986313 4.123980 2.896834 4.141653 0.000000 4.007004 3.167830 6.469624 6.995812
50.118457 29.259531 28.614092 32.919664 45.686535 30.409289 30.403500 25.265025 26.136852 33.424758 39.618355 43.875832 23.851250 20.158299 17.375166 20.749352 18.488766 19.114932 16.794738 18.669807 15.790564 15.967176 19.054008 23.917002 20.999186 17.504305 13.643212 10.213122 11.389413 8.873001 10.054582 12.054050 11.500297 13.689148 17.192209 19.886953 17.277201 11.214955 9.178244 6.899880 5.273299 3.014907 3.484800 4.707002 2.626619 5.438043 10.490799 16.709729 29.308168 23.793713 15.168818 10.907229 6.855421 3.135753 1.614118 4.007004 0.000000 2.815702 3.533531 5.492492
52.933914 32.053523 31.408719 35.666066 48.345992 33.130391 32.923926 27.629521 28.152225 34.974922 41.048039 45.159324 26.430420 22.920578 20.187645 23.501258 21.205846 21.735115 19.317395 21.025480 17.941469 17.885326 20.698484 24.514732 23.442152 20.009305 16.374741 13.012843 13.979702 11.386297 12.172907 14.016859 13.184585 14.755719 17.669895 20.204906 19.041434 13.604783 11.483279 9.000130 8.049251 5.442583 6.291381 7.273178 5.232967 7.089329 11.048704 16.501338 30.409693 24.849510 16.323574 11.881506 7.174718 4.485926 4.120027 3.167830 2.815702 0.000000 3.520355 3.874274
51.686820 31.237813 29.806334 33.743187 46.069508 31.111123 30.370828 24.845986 24.990479 31.541004 37.574461 41.656160 26.609965 22.404863 19.225150 21.688352 19.268582 19.487168 16.879170 18.281164 14.979032 14.710947 17.335369 21.032250 23.993230 20.436496 16.110364 11.736494 11.809828 9.149466 9.296095 10.934762 9.910254 11.247421 14.203302 16.790334 20.752031 14.367425 12.442727 10.328653 7.876655 6.404343 5.662500 5.539428 4.093679 4.066822 7.544854 13.321923 32.836621 27.316180 18.694182 14.397402 10.094466 6.603933 5.071043 6.469624 3.533531 3.520355 0.000000 2.708122
54.386613 33.939723 32.478363 36.350211 48.550152 33.696223 32.745771 27.096172 26.882285 32.888641 38.759152 42.667961 29.153750 25.073789 21.928980 24.336902 21.897830 22.029455 19.361340 20.592326 17.155314 16.668506 18.952561 21.449600 26.424809 22.897193 18.725697 14.444352 14.418224 11.765325 11.626503 13.057539 11.814224 12.427036 14.603587 16.953451 22.662096 16.686029 14.668844 12.367369 10.404150 8.507364 8.243982 8.247530 6.722993 6.494033 8.346556 12.927966 34.264227 28.707121 20.155260 15.731339 11.048168 8.133802 7.104719 6.995812 5.492492 3.874274 2.708122 0.000000
