15

0.000000 0.002735 0.003226 0.008472 0.001983 0.002619 0.004942 0.000948 0.003745 0.003065 0.001505 0.003899 0.004270 0.009669 0.001433
0.002735 0.000000 0.005497 0.005790 0.001405 0.002358 0.001640 0.001354 0.002833 0.001775 0.001038 0.003372 0.000501 0.003147 0.000491
0.003226 0.005497 0.000000 0.014857 0.002518 0.005971 0.002516 0.002439 0.007010 0.001794 0.001423 0.009410 0.000778 0.010007 0.002756
0.008472 0.005790 0.014857 0.000000 0.008074 0.014850 0.009059 0.011561 0.021709 0.006692 0.012067 0.027648 0.005489 0.018646 0.021787
0.001983 0.001405 0.002518 0.008074 0.000000 0.003080 0.001312 0.000660 0.003036 0.000811 0.000953 0.002516 0.000799 0.003001 0.000849
0.002619 0.002358 0.005971 0.014850 0.003080 0.000000 0.002124 0.001485 0.004406 0.001498 0.001164 0.006094 0.000864 0.006614 0.002120
0.004942 0.001640 0.002516 0.009059 0.001312 0.002124 0.000000 0.004887 0.002740 0.014487 0.004285 0.011565 0.002930 0.003366 0.001978
0.000948 0.001354 0.002439 0.011561 0.000660 0.001485 0.004887 0.000000 0.002374 0.003000 0.004547 0.012838 0.000754 0.001453 0.003762
0.003745 0.002833 0.007010 0.021709 0.003036 0.004406 0.002740 0.002374 0.000000 0.001881 0.002146 0.009498 0.002022 0.010406 0.004215
0.003065 0.001775 0.001794 0.006692 0.000811 0.001498 0.014487 0.003000 0.001881 0.000000 0.001848 0.007301 0.001661 0.003637 0.001164
0.001505 0.001038 0.001423 0.012067 0.000953 0.001164 0.004285 0.004547 0.002146 0.001848 0.000000 0.006464 0.001304 0.001730 0.003256
0.003899 0.003372 0.009410 0.027648 0.002516 0.006094 0.011565 0.012838 0.009498 0.007301 0.006464 0.000000 0.002306 0.006347 0.007490
0.004270 0.000501 0.000778 0.005489 0.000799 0.000864 0.002930 0.000754 0.002022 0.001661 0.001304 0.002306 0.000000 0.001375 0.000476
0.009669 0.003147 0.010007 0.018646 0.003001 0.006614 0.003366 0.001453 0.010406 0.003637 0.001730 0.006347 0.001375 0.000000 0.002347
0.001433 0.000491 0.002756 0.021787 0.000849 0.002120 0.001978 0.003762 0.004215 0.001164 0.003256 0.007490 0.000476 0.002347 0.000000 

0.00 576.96 946.50 597.60 373.81 559.77 709.02 1208.33 603.65 695.21 680.71 1936.57 332.46 592.57 908.77
576.96 0.00 369.53 613.04 429.11 312.88 1196.49 1502.14 405.90 1241.96 960.35 2318.08 786.60 949.57 938.75
946.50 369.53 0.00 858.33 749.60 556.07 1541.27 1764.79 621.33 1603.17 1250.96 2600.08 1137.33 1266.85 1124.78
597.60 613.04 858.33 0.00 255.03 311.31 790.12 907.43 237.07 932.22 406.34 1741.87 485.56 1186.86 345.87
373.81 429.11 749.60 255.03 0.00 225.90 794.17 1080.37 238.94 879.56 533.16 1889.53 402.33 947.32 598.54
559.77 312.88 556.07 311.31 225.90 0.00 1009.69 1216.87 94.26 1104.57 694.92 2047.12 627.11 1084.50 626.15
709.02 1196.49 1541.27 790.12 794.17 1009.69 0.00 663.88 982.74 221.42 447.80 1249.76 411.11 1097.61 851.82
1208.33 1502.14 1764.79 907.43 1080.37 1216.87 663.88 0.00 1143.79 874.52 551.63 841.62 880.07 1714.65 694.01
603.65 405.90 621.33 237.07 238.94 94.26 982.74 1143.79 0.00 1094.91 636.90 1978.94 620.49 1151.87 535.02
695.21 1241.96 1603.17 932.22 879.56 1104.57 221.42 874.52 1094.91 0.00 642.21 1375.64 477.46 963.72 1046.12
680.71 960.35 1250.96 406.34 533.16 694.92 447.80 551.63 636.90 642.21 0.00 1358.21 378.59 1236.19 405.09
1936.57 2318.08 2600.08 1741.87 1889.53 2047.12 1249.76 841.62 1978.94 1375.64 1358.21 0.00 1608.08 2335.82 1530.57
332.46 786.60 1137.33 485.56 402.33 627.11 411.11 880.07 620.49 477.46 378.59 1608.08 0.00 858.25 700.82
592.57 949.57 1266.85 1186.86 947.32 1084.50 1097.61 1714.65 1151.87 963.72 1236.19 2335.82 858.25 0.00 1500.77
908.77 938.75 1124.78 345.87 598.54 626.15 851.82 694.01 535.02 1046.12 405.09 1530.57 700.82 1500.77 0.00
